0 1 130
0 9 9
0 17 218
0 39 221
0 48 159
0 49 57
0 60 244
0 73 30
0 86 104
0 88 176
0 95 192
1 5 53
1 6 255
1 9 5
1 7 146
1 29 111
1 25 258
1 30 114
1 41 202
1 43 228
1 58 95
1 82 182
1 97 127
2 3 231
2 4 61
2 6 113
2 8 5
2 7 78
2 19 154
2 26 206
2 43 237
2 58 86
2 68 221
2 63 29
2 67 104
2 79 199
2 70 174
2 82 17
2 98 44
3 4 30
3 5 294
3 12 92
3 20 298
3 27 6
3 24 190
3 25 286
3 38 169
3 41 54
3 66 207
4 13 175
4 29 43
4 24 243
4 36 135
4 59 182
4 55 149
4 64 63
4 79 226
4 70 24
4 75 5
4 84 220
4 97 75
4 98 172
5 9 1
5 7 95
5 15 137
5 11 248
5 27 58
5 29 199
5 35 263
5 31 145
5 37 43
5 73 170
5 83 96
5 85 279
5 99 234
6 8 289
6 9 76
6 7 167
6 41 50
6 47 257
6 54 7
6 59 77
6 65 7
6 91 164
6 92 164
7 8 283
7 19 54
7 14 201
7 13 109
7 11 206
7 23 51
7 27 284
7 24 85
7 25 133
7 34 163
7 30 71
7 32 243
7 37 199
7 45 22
7 47 7
7 40 118
7 44 257
7 46 284
7 55 78
7 58 275
7 53 3
7 66 58
7 62 127
7 69 157
7 68 277
7 73 247
7 72 157
7 77 5
7 76 107
7 79 9
7 83 211
7 80 254
7 89 219
7 84 183
7 92 41
7 91 44
7 97 126
7 90 150
8 9 108
8 18 240
8 25 283
8 39 77
8 54 265
8 51 186
8 66 80
8 85 209
9 11 19
9 13 197
9 25 287
9 33 281
9 60 75
9 78 203
9 82 42
10 11 4
10 12 230
10 13 158
10 14 235
10 15 99
10 18 212
10 19 279
10 59 97
10 90 239
11 12 159
11 13 37
11 14 185
11 15 102
11 16 120
11 17 80
11 18 268
11 38 228
11 32 70
11 41 225
11 46 276
11 48 208
11 50 86
11 62 14
11 66 69
11 77 23
11 80 179
11 89 273
11 88 178
11 91 170
12 13 255
12 14 176
12 15 30
12 16 97
12 17 222
12 19 176
12 25 97
12 34 178
12 36 236
12 33 203
12 45 252
12 44 252
12 79 30
12 72 65
12 70 109
12 81 41
12 91 9
13 14 99
13 15 4
13 16 211
13 17 87
13 19 103
13 26 140
13 20 55
13 24 199
13 37 215
13 42 208
13 57 290
13 76 203
13 84 255
13 96 256
14 15 201
14 17 148
14 19 70
14 25 5
14 43 123
14 53 102
14 65 201
14 98 84
15 16 200
15 17 198
15 18 254
15 19 170
15 27 257
15 25 18
15 38 1
15 44 288
15 56 195
15 65 215
15 77 130
15 84 248
15 92 101
15 96 219
15 99 79
16 18 77
16 19 282
16 49 57
16 44 284
16 51 59
16 64 178
16 78 6
16 89 102
17 18 274
17 19 117
17 22 102
17 24 252
17 58 161
17 54 68
17 56 112
17 80 4
17 83 227
17 95 280
18 19 269
18 27 164
18 28 134
18 25 243
18 37 21
18 38 140
18 54 261
18 62 106
18 68 5
18 75 133
18 76 84
18 87 116
19 29 223
19 35 265
19 60 34
19 66 198
19 65 191
20 23 299
20 24 79
20 29 235
20 25 153
20 36 139
20 32 210
20 38 168
20 31 177
20 50 237
20 67 267
20 63 14
20 70 15
20 75 254
21 27 111
21 28 279
21 34 60
21 56 168
21 91 72
21 98 1
22 23 148
22 48 271
22 57 191
22 67 242
22 82 53
22 84 9
22 89 147
22 85 151
23 24 242
23 26 62
23 28 161
23 25 189
23 38 77
23 30 223
23 49 6
23 65 243
23 88 260
24 36 71
24 48 4
24 58 114
24 73 48
24 76 117
24 72 147
24 85 233
24 97 280
25 27 245
25 29 278
25 36 213
25 30 210
25 33 248
25 32 6
25 42 229
25 48 254
25 41 93
25 46 253
25 45 43
25 51 113
25 53 50
25 52 210
25 67 107
25 65 247
25 66 11
25 63 271
25 78 126
25 76 81
25 79 215
25 77 265
25 74 187
25 89 176
25 86 154
25 82 196
25 92 140
25 96 262
25 95 298
25 91 271
26 29 170
26 47 134
26 41 75
26 57 290
26 51 158
26 68 6
26 60 160
26 84 121
27 40 180
27 72 102
27 84 88
28 46 147
28 49 64
28 57 98
28 67 108
28 65 38
28 75 99
28 79 115
28 82 7
28 95 282
28 97 195
28 94 66
29 46 282
29 58 7
29 53 219
29 72 251
29 93 127
29 97 160
30 31 62
30 32 60
30 34 163
30 35 114
30 36 54
30 37 111
30 38 64
30 39 171
30 43 142
30 51 52
30 55 264
30 67 1
30 93 109
30 91 117
31 33 230
31 34 240
31 35 118
31 36 141
31 39 293
31 45 70
31 41 104
31 55 2
31 64 133
31 71 259
31 73 80
31 97 114
32 33 119
32 34 249
32 35 209
32 37 29
32 61 199
32 82 130
32 89 105
33 34 263
33 35 277
33 36 9
33 38 78
33 39 210
33 42 102
33 48 113
33 73 267
34 35 60
34 36 191
34 37 19
34 38 63
34 39 9
34 67 197
34 61 297
34 88 110
34 98 10
35 36 178
35 37 5
35 38 239
35 39 279
35 45 164
35 59 109
35 62 88
35 82 73
35 98 285
35 94 80
35 95 124
36 37 114
36 39 65
36 48 233
36 47 87
36 56 231
36 60 43
36 75 259
36 81 139
36 80 117
36 93 120
36 95 117
37 38 218
37 59 107
37 54 138
37 52 102
37 57 172
37 69 256
37 78 229
37 84 158
38 48 101
38 47 146
38 78 33
38 79 285
38 94 147
39 58 239
39 67 49
39 77 270
39 85 90
40 41 27
40 43 175
40 47 164
40 48 218
40 58 180
40 62 206
40 68 230
40 69 299
40 67 26
40 73 164
41 44 198
41 46 59
41 49 115
41 68 71
41 83 3
41 80 192
41 90 109
42 43 192
42 45 18
42 49 114
42 55 214
42 50 194
42 57 7
42 71 5
42 82 87
42 98 140
43 46 59
43 47 49
43 48 198
43 49 284
43 54 15
43 72 156
43 70 252
43 92 163
43 96 23
44 47 248
44 48 237
44 49 31
44 55 91
44 52 31
44 65 161
44 98 210
44 92 211
45 46 90
45 48 85
45 49 191
45 71 184
45 72 256
45 83 16
46 47 105
46 49 120
46 61 7
46 75 58
46 74 193
46 81 130
46 89 4
46 93 64
47 53 187
47 61 264
47 92 174
47 99 275
48 49 155
48 53 169
48 61 239
48 71 123
48 82 255
48 80 261
48 87 83
49 59 8
49 69 105
49 99 243
50 51 295
50 52 56
50 53 247
50 54 199
50 55 211
50 57 62
50 59 274
50 64 4
50 78 128
51 52 8
51 55 262
51 56 178
51 58 140
51 63 216
51 68 140
51 71 238
51 72 254
51 90 7
52 53 150
52 55 3
52 56 8
52 57 51
52 61 261
52 63 219
52 79 27
52 85 299
52 99 113
53 56 133
53 58 111
53 89 261
53 95 214
54 55 93
54 56 261
54 57 47
54 58 30
54 59 181
54 63 49
54 77 211
54 85 166
54 99 15
55 57 70
55 59 268
55 66 176
55 84 156
55 98 100
55 95 5
56 60 57
56 72 110
56 96 257
57 59 46
57 60 248
57 85 149
57 99 120
58 59 80
58 64 178
58 71 249
58 79 42
58 84 80
58 86 158
58 96 42
59 72 131
59 77 66
59 88 155
59 80 177
59 85 83
59 96 73
60 67 174
60 70 203
60 75 77
60 88 216
60 81 166
60 98 59
60 96 56
61 69 90
61 94 177
62 65 65
62 69 6
62 76 100
63 66 245
63 68 177
64 67 272
64 69 269
64 76 87
64 89 295
65 73 93
65 80 133
65 81 103
65 97 152
66 74 198
66 78 258
66 88 28
66 81 97
67 68 195
67 69 155
67 70 230
67 73 221
67 71 132
67 82 102
67 94 143
67 99 183
68 99 190
69 83 244
69 91 43
69 96 75
69 97 120
70 71 235
70 73 185
70 74 123
70 75 298
70 76 3
70 77 139
70 78 8
70 79 264
70 86 71
70 87 2
70 91 104
71 72 42
71 73 290
71 74 267
71 75 79
71 76 180
71 77 246
71 78 297
71 79 34
72 73 86
72 74 143
72 75 39
72 76 257
72 77 124
72 78 2
72 99 293
73 74 209
73 75 65
73 76 246
73 78 124
73 79 52
73 84 193
73 93 232
73 94 197
74 75 256
74 77 8
74 78 116
74 79 215
74 87 255
74 92 158
74 95 231
75 77 220
75 78 203
75 79 49
75 83 130
75 80 218
76 77 168
76 78 241
76 82 80
76 94 65
77 78 197
77 79 199
77 94 31
78 79 222
78 82 156
78 96 173
79 94 120
80 81 37
80 98 260
81 82 277
81 83 14
81 84 43
81 85 177
81 86 185
81 88 112
81 97 114
82 83 20
82 86 55
82 87 169
83 84 158
83 89 13
83 98 217
84 86 277
84 87 202
84 89 257
85 87 228
85 88 5
85 94 77
86 91 8
87 98 289
87 95 133
88 89 183
88 95 30
89 98 209
89 94 9
90 91 63
90 92 279
90 95 120
90 96 87
90 97 251
90 98 205
91 94 150
91 96 78
91 97 147
91 98 168
91 99 167
92 94 264
92 95 295
92 96 260
92 98 80
92 99 1
93 94 287
93 96 2
93 97 170
93 98 66
94 97 272
94 98 85
95 96 45
95 97 110
95 99 187
96 97 134
97 99 3
98 99 20
