0 4 100
0 5 1
0 9 1
1 2 100
1 4 100
2 4 100
2 5 100
2 6 1
2 7 1
2 15 100
3 4 100
3 5 100
3 8 1
4 5 100
4 6 100
4 7 100
4 9 100
5 7 100
5 9 100
6 7 100
7 8 100
8 9 100
10 12 100
10 13 100
10 15 100
10 17 1
11 12 1
11 17 100
12 14 1
12 16 1
12 19 1
13 14 100
13 16 100
13 17 100
13 18 1
13 19 100
14 16 100
14 19 100
15 16 100
15 17 100
15 29 100
16 18 100
17 18 100
17 19 100
18 19 100
20 22 100
20 23 1
20 24 1
20 26 1
20 27 1
20 28 1
20 29 100
21 22 1
21 28 100
22 25 1
22 27 100
22 28 100
22 29 100
23 24 100
23 26 100
23 27 100
23 28 100
23 29 100
24 27 100
24 28 100
24 29 100
25 26 100
25 27 100
25 28 100
25 29 100
26 27 100
26 28 100
27 28 100
28 29 100
29 35 100
30 31 100
30 34 1
30 35 100
30 36 1
30 38 1
30 39 1
31 32 1
31 33 1
31 34 100
31 35 100
31 36 100
31 37 1
31 38 100
32 33 100
32 34 100
32 35 100
32 36 100
32 37 100
32 39 100
33 34 100
33 35 100
33 36 100
33 37 100
33 38 100
33 39 100
34 37 100
34 38 100
34 39 100
35 36 100
35 37 100
35 38 100
35 39 100
35 43 100
36 37 100
36 38 100
37 38 100
38 39 100
40 41 100
40 42 1
40 43 100
40 44 1
40 46 1
40 47 1
40 48 1
40 49 1
41 42 100
41 43 100
41 44 100
41 45 1
41 46 100
41 47 100
41 48 100
41 49 100
42 43 100
42 44 100
42 45 100
42 46 100
42 47 100
42 49 100
43 44 100
43 45 100
43 46 100
43 47 100
43 48 100
43 49 100
44 46 100
44 47 100
44 48 100
44 49 100
45 46 100
45 47 100
45 48 100
45 49 100
46 47 100
46 48 100
46 49 100
47 48 100
47 49 100
48 49 100
