50
0 2 95.751
0 3 78.518
0 5 54.546
0 8 77.279
0 9 7.78
1 2 42.263
1 3 14.132
1 4 67.218
1 6 39.628
1 8 19.835
1 9 91.646
2 8 1.187
3 4 68.462
3 6 75.687
3 7 93.289
3 9 1.972
4 5 1.275
4 9 11.537
6 9 62.156
6 12 4.439
6 13 34.536
7 8 68.962
7 9 6.841
8 9 54.951
10 11 63.295
10 13 22.85
10 15 81.376
10 16 4.598
10 17 72.386
10 18 6.831
10 19 94.222
11 13 7.256
11 14 7.572
11 16 50.052
11 17 42.257
11 18 50.199
11 19 78.844
12 13 48.054
12 14 70.609
12 15 97.179
12 18 47.347
13 18 17.193
13 19 92.586
13 23 8.517
13 29 20.527
14 15 77.054
14 16 80.997
14 19 88.181
15 16 3.31
15 18 62.734
15 19 48.964
16 19 2.525
17 18 6.083
17 19 92.517
18 19 20.771
20 22 28.373
20 23 36.81
20 24 26.062
20 27 3.337
20 28 40.338
20 29 85.87
21 22 17.033
21 23 88.361
21 25 26.423
21 26 10.421
21 27 14.724
21 28 43.262
21 29 68.316
22 23 76.435
22 24 8.749
22 25 79.462
22 26 29.168
22 27 80.928
22 28 61.056
22 29 86.426
23 24 32.482
23 25 17.162
23 27 77.478
23 28 23.593
24 25 64.504
24 27 3.82
24 28 8.908
24 29 82.271
25 26 41.444
25 28 18.325
25 29 8.612
26 29 2.613
27 28 17.943
27 29 91.128
28 29 81.537
29 32 4.127
29 34 6.01
30 34 5.557
30 35 85.696
30 37 73.997
30 39 32.924
31 32 99.631
31 33 25.399
31 34 29.876
31 35 7.483
31 36 40.158
31 37 44.863
31 39 55.466
32 33 3.434
32 35 81.057
32 37 7.707
32 38 44.835
32 39 25.116
33 34 2.955
33 35 26.835
33 36 82.904
33 37 78.401
33 38 76.217
33 39 3.237
34 35 21.931
34 36 52.214
34 37 47.28
34 38 81.267
34 39 72.277
34 47 53.185
34 49 26.196
35 36 91.966
35 37 82.715
35 38 58.312
35 39 94.974
36 37 1.971
36 38 51.132
37 38 52.125
37 39 69.926
38 39 9.636
40 41 5.794
40 42 20.469
40 46 56.927
40 47 8.385
40 48 85.981
40 49 88.151
41 42 21.586
41 43 35.744
41 44 27.522
41 45 46.903
41 46 53.774
41 47 69.752
41 48 73.273
41 49 96.728
42 43 29.83
42 44 99.133
42 45 12.123
42 46 14.371
42 47 19.128
42 48 56.466
42 49 36.764
43 44 74.448
43 45 28.125
43 46 74.271
43 47 4.195
43 48 94.254
43 49 46.742
44 46 22.261
44 47 47.95
44 48 67.199
44 49 7.331
45 46 14.106
45 48 69.465
45 49 76.488
46 47 41.976
46 48 42.574
46 49 2.436
47 48 4.586
47 49 43.097
